520 LITTERAE QUADRlMESTRES

curan 311363 interrumpis 61 3630110 3613 6031651011, parte 36-
105 3116 36 3116110 6036111163, 105 3113165 603 1611101050 36560 y
affecto particular (por no 36211 3613351330) 3 130265 31263 aqui
y no 63 0113 133116 31161 36 16661311· 6516 533610 beneficio (1613
6031655103; y aun 31311335 176265 313633233 30 3116156 36 6011-
165531 51 30 503 33111 3313111305; 10 3116 3 65105 1063 (13013116 105
361335, 3116 65 13116110 31113610, 3113310 3131011661133 36 6333 313
65 6053 36 max-aumas), 31361105, 65133313305 3613 1631333 36 5115
61111335, 6 171313631305 110 56 6011 3116 51315113 1761336323, 311133
651330 por 60316553156 311161105 3305, 13316616330165 31161 (16 13-
1333613 13355330 13 17133, (1116 ya no 165 613 130511316 tomas puer-
to. Ε5105, 63113330 63 31165110 60116310, 131161105 3 51, 1763 5056-
333313 16131365133, y 11116133356 (16 31161 1163330 3 13116110, 111113-
13113330 muy (16 116135 36 105 1716105; y 351 5116636 3116 131110 6011
mayor instantia toman 3 13661105 61 6313130 (161 56301, quanto
1335 365603113305 65131133 36 venir 3 131 651330.

Ay 17113 6053 13013116 56 361163 3156301 gratias infinitaS, que
56 3126 601333316316 31331130 176311 3 6516 60116310, 31133116 30
563 3135 3116 3 oyr 13153, (1116 110 131161113 1630111130 61 131-01305110
36 13163 1311111, (3 310 1116305 313113 tanto 131133305; finalmente,
1701316330, 3116333 1316333305 63 61 56301. Y 3351 ay 31361105,
3 (111163 603 311116111133 56 1361511336 3116 1763333 3 oyr 31153 0
30611133, 13013116 13163533 3116111630 56 1133 36 confessas, 10 31131
13316663 1301 63103265 1611161. Α 105 3113165 13133163 6513331313
1702 603 3116 111630 503 1131113305 5336105, Ρ33165, Τ116311305.
Τ3310 procura 61 1311330 56 31131363 5115 161765. Μ35 63 fin 1763-
66 13 ley 533613 36 ]651’15, y 63 1316116 1363053166133 65135 170665
(16 1101313165, 3116 61 36130310 10133 por compafieros para 365-
1111171 135 311335, y 1713161130 363, 56 1316133336 561 563313305, 10
3116 33165 313336316316 16111133

Lo 3116 ay 36 135 131330535 31163135 36 135 131136165 36513 6113-
333, 65 6053 13313 656161111, por no ser 33131111335 313 603165-
5103. Ε5 63116 61135 muy 6013113 dezir: 031313 1116131305 1103113165.
Μ1161105, 63 6513 6113333, 36 33311333 6030263 61136363610 que 36
13 6031651011 56 1661116; 63116 65105 1730 131136113313161116, 30 36
105 3116 136301 111331· 116363 63 61 63131130 36 13 6113333, 61 (11131,
1311316330 1030 511 5111310 1135133111 63 1165135 36 10105 y 01105
1116305 y 53661363105 1331311605, 311013 130110335 vias procura 65-
1011131 30 56 11333, 10 31131 51 30 1311636 31633631, 56 31356313 36

