AN. 1555 371

133 familiarmente y tan 33163330 603 30501105 60310 11313; 51
61 Ρ1031116131 53510, 3316330 visitacio 13 310313613, 1116330 el
buen 0301 336 3313 (3013331113, 51 61 aprouechamiento de 105 lu-
33165 por donde a 335330, 1163130 3 6513 53 6353 51 016330 31-
33335 60535 3 3133305 Ρ33165 36 53 01363, 30 133 63 fauor de
13 0031331113, 165 dixo: “Ρ3(11·65, 3 30501105 1105 60331636 631131
y 1113331 13 11133, 301336 65 11136110 61 fruto 33613 0031331113
11326.,, I Frai Luis de la misma orden, de quien otras 36265 61305
561110 3 V. P„ vn dia predicando publice en 53 6353 1631611611-
310 3 105 1116010305 301336 30 363133 3 3365113 1316513 3 60311-
3331 105 536131363105, 312161130 333310 mejor 10 1132133 legistas
y 6330315135 6510. Y vn fraile 33351130, 3163163301 63 6516 511
13036516110 (16 5313133363, 31Χο 6513 3331651113 publieamente 611
105 sermones 1111161135 60535 (16 13 Compafiia, que 36211135 65
3313 mucha confussion de 105 336 63 6113 65131305 363.

En 33651131316513 56 311 6031133330 135 31311635 36 13 306-
- trina cristiana 105 303113305 3 13 13136; 6011 561 3 013 30 3605-
1331111333 63 6516 3361110, 3 33130 13313 frequentia 335136 6513-
3133165 60310 36 36316 3113613313613 613333, 336 305 30313 63
31133 51 31113 3135 fuera en 13 63116 (1116 363110 63 13 51316513, sin
105 31361105 336 56 511133 301 30 65131 63 13 63116; 3113336 01105,
603 3135 563 3613 33131113 36 Dios, 113133 535 35163105 51 113-
2133 3613 63116 51316513, 6313 1131311333 nos 653331333, 301336
313333 613 361116 30 36 3063 3361011333; 51 3365 56 165 hace 36
3131 336 30 56 33633 603113331 6516 exercicio, 51631316 65 561131
336 301 6513 313 11365110 56301 3 331036611330 3 535 313135. ΑΙ-
331105 362133 336 305 33133105 36 11· 3 333 51316513 1335101 3 36-
31113 30611133, y 01105 305 365633 1335 anchusa en 13 6353 51
1316513 301 6516 fin, porque nos aman 13310, 336 616110 305 36-
56311 361 13311131163305.

La frequentia de 5133133165 3 135 confessiones y 60133310365
65 0131113113 60130 53616 63116 3110; 361-0 6513 3331651113, 51 63
65366131 301 61 jubileo, 3 5130 6053 6116655133 13 336 3 3633130
3 6353, 336 33630 36211 336 buena parte 361105 36336 3 65105
30605 5366130165 336 3331 65133105. La gente de 13 613333
603 135 066333610365 36 105 5133133165 30 11636 tanto 13331 63
6353, 333336 110 1311311 36510 3133335 3361135 31330535; 3610
como 56 53616 1335101 fruto para 13 vina del Sefior de 113131 6011
105 5133133165 336 603 105 361335, 30 33316330 respondes 3 10-

