346 LITTERAE QUADmMEsTREs

muy negros y de muy mal 531101. Μ35 61105 10111311 65105 131113-
165 6011 131110 (165560 57 31611113, 0116105 (1135 011610511611611, 3116-
11050 1111161135 116265 110 56 1131113 vn 116(1360 611 0113 6053; 51110
171105 0116 1011131133, 51 611 511 1113110 651111116556, 1101 11311130 13165
601116165 10(13 511 vida: 01105, 0116 30111 56 vee 6011 011311 11060 56
11116(16 1135531 11365113 113111131623, 57 0116 61105 1111157 bien podrian
5161111116 1135531 6011 esto: y en fin otras cosas 5611161311165, 0116
111116511311 bien que tienen 11116510 511 11165010 57 60136011 611 61
61610, 111165 3551 1131666 0116 huelgan 6011 61 11131 6011161· 601110 56
01105 huelgan 6011 61 11116110. Ε513 5311613 costumbre y ordena-
cion (11113 113513 3013, 6116611133ᾶο solamente 13 (2113165313 57
algunos 1161111105 611 61 11613110 (16 1111157 16210 63101, (1 01105 56-
11161311165.

Μ35 6510 0116 113513 3013 dixe fue todo en general: 3013 5613
11116110 descendes 3 10 particular de 135 111011111636101165 y otras
cosas que, assi en 61 1311131 601110 611 13 66113, 611 13 6353 (16 1110-
11361011 56 360511111111131011 y 3605111111111311 (16 113261. Ρ11111613-
mente 61 0116 166 116116 61 Ρ3(116 111116110 1161110 0116 110 113573 1111157
(16 1111553, 51110 11131150 y 6011 voz 1110(1613(13; y 51 3 135 116265 61
56 (1651611111613 111116110 611 61 1661, 111311(1316 1131131 (161 1111111110 y
1661 (16 10(111135, y esto 3 135 116265 6011 1102 3113, 0116 13 oyen 10-
(105, 11313 16 11135 mortificas. Este mismo 1161110 56 116116 611 0116
105 0116 651311 611 13 1116553 110 tengan algun 1150 110 1110(1613(10.
Ρο10116 3551 601110 61 (1611101110, 3 105 que por otras partes no 11116-
(16 1011131, 11311313 (16 105 11361 3 135 116265 611 11505 511111105, 11313
1101 6110 165 (131 06351011 (16 algun (1151131111161110, 3551 111165110 Se—
fior 1131666 0116 inspiro artes y modos 31 Ρ3(116 (1610 56631 1111157
1116510 y 1113110 (16 quien 10 1111116556 61113 111653; digo, en 13 111653,
11010116 (165111165 (1116 10 0116 56 11326, 13111111611 11313 61 111651110 fin,
en 105 01105 1161111105. En 13 111653 111165, 601110 quier que el 1150
1131666 puede communmente procedes de 65131 6111011665 61 61161-
110 algun 131110 alegre y 5351151166110, 61 remedio que el Padre
113110 11313 6110 65, 0116, 601110 61 veya 3 alguno 1611 110 1311 1110-
(1613(1311161116, 111311(1311316 luego por el que 5611113 313 111653 11131
3 135 116265 13 fruta, 3 135 116265 0113 6053 (161 6011161; y assi 6011
13 1110111116361011 011613 631116 5611113 611 uer 1113156 (16131116 (16 105
0105 10 0116 6513113 573 11313 6011161, 561113113 13 631153 (1611150, 0116
613 30116160111611131111611101 57 110 5010 101113113 (165111165 (161 uenido,
11135 31111, quando 610116113 1161111, 6011 memoria de 10 0116 por ello

