AN. 1555 357

110005, 57 000 10 000 105 1101100005 01200 sobre ellos por 1000-
0000 001 Ρο010, 50 gasta 0 105 00205 media 11010 0 mas: 001000
010 0010 000 yuan 0100110 0 5015 0 00211 alguna cosa sobre ellos,
1102100οΟ 0011000105 01100100101001οῑ 57 001000 00 01105 0010-
munmente 50010 01 demonio tentas de 1150, 51001010 50 111010100
0010 0110 01057 buenos 100100105 00 10 0050 00 probation. Y 01
principio 0 105 000 50 105700 [0000000105 01 Ρ. Μο0511·0 00110150
00 01 50010, 1000000 01 105110 000 01, 57 0551 0510000 00100100-
100010 1000510510005, 0 110510 000 50 105 5700 01 1150, 0101101
0055000, 105 10000000 100001013 1005 00 0105 0010 000 570 no 50
00051001010 0510, 5100 000 105 1000000 1110001 (10 10011105.
Ι-Ιο01105 105 10005, 170050 0 110201 0100100 0 50 0001110, y 0010
quasi 51010010 105 000 0010510005 50 100000 05101 (10 10011105
00000050 0111, 110510 000 105 1000000 01110110 0050005 1100101; 0
105 00205 (00100 01)οΧ0 0001010) y por 01 0111101010 100100 50 10-
0050 00 10 misma 0001110, 00100 01 100101·; 57 00100005 001010110-
100010 50105700 105 001105 y 1102100105 10001105 51101105, como

· fue por 01 01110010 Nata] ¹, que tuuimos 00 10 0050 00 0101)00100;

00105 001 (11101 uenis hechamos 001 5001105, 0 105 1000505 00 10
1100110, 0 quien 0057110 alguna persona (1000001105 001 0001-
10ίο010 00 Christo: y 0050005 10 1015100 000110 001 Νο101 fueron
10005 0 105 (100 auia 005700 alguna persona de 00001105, 0551 00
Pastor, como (101 Α50110, 57 Buey, 500 1050011, 0005110 Seffora,
010100 ]05115, 010., 10005 0 vna 0050 5010110110, 510 01001005,
000000 0100110100 110510 105 0020 y 01001οῖ 57 000000 alguno
(101105 50 0010110, 0111000000 luego de 10201 010000 0100100, 0110
(10010 05700 10005, 57 105 01105 10 1050000100. Α510115010 1010-
bien 50 00110100 01105 5001105 00 17005 00150005 que 00 Desseoso
05100, 00 0100010 000 0 0000 vno 00570 10 5057οῑ 0 17005 01 001-
1010, 000 010 100101 00 Dios: 0 01105 10 Priora, que 010 humil-
(100, 010., 57 0000 000 110210 vn sermon 0 10 0000 sobre 50 1711100.
Α551000 00 05105 5Υ 50010100105 00505 50 0,·051000 01 principio 01
reposo 0010 00011οῑ 0050005 00 01 verano (como tambien dixe que
50 11120 00 01 100050 001100101) 50 010 11000010 000 50 1100105500
17005 0 01105 00 00001 1101000, 57 100100 01 100050 00100100010010
fuera de 0050, 0010010 00 10 0001102110, 000 00 10 misma 0050

² Natal, Nativitatis Domini festum.

