AN. 1555 299

exempiar que 1116556, seria 1035 010116611053 3 1111651105 1161103-
005 0116 13 511173, 0010116 65 6053 0313 3131331· 01116110 31 56001,
ver 01130 subiecto y humilde 6513 y quan 3011611100 60 00 113-
11131 03131113 600 ninguno de 105 1161103005, ni 601131· 331035 60
01165113 6131151113 5100 solamente 3 601061 y 66031 60 1616610110,
00006 6513 600 13 modestia y 1601013063 0116 011310111613 (16 105
011651105; y 510 11311131 3 ninguno palabra 56 5316 60 03000 135
0136135, y guarda tanto recogimiento y religion 60 511 6353, 0116
11606 60106303 3 1003 6513 171113 y 13 60116. Ε5005 130 3116100300
0116 hay 0666551030 06 yrle 01061135 176265 3 13 10300, segun 56
65116006 60 101031· 3035100303016016 135 60535 (16 13 0010031113.
Yo 00 113110 0116 563 65101110 alguno 031361 301011661131016010 06
105 06 6353, 30165 60 gran manera 56 edificem 10005 600 511 1111-
011Ιο30 y 10011111636100, 0010116 algunas 176265 11326 13 602103 y
511116 60 61 refectorio, 600 511 11311110 06 Santiago y seycientos
mill 10313116οῐ5 06 senta, y 511116 130 60100 1101111116 06 13 Corn-
031113 0116, 31100116 6513 60 01116150 11311110, 005 031666 1631106016
0116 65 06113. Dize 3 5115 01001105 1161103005 0116 105 11606 por
bastardos, y 3 105 1161013005 06 13 6011103013 06 ]65115 001· muy
legitimos, y 00 011606 63113110 0116 11606 60 61 6013600, 01216000
0116 65105 500 5115 1161606105, y que deudo ninguno no 16 113 06
1161131 170 0131311601, 531110 0116 16 0653 00 16061 13010 60100 61
Ε1110613001· 0313 03110 1000 3 13 6011103013. Ε513 130 6011163οο
de 13 1030613 06 01066061 06113, 0116 11013 1111161135 116265 6111610-
po que fue contrario 06513 opinion. Esto 65 10 0116 del 516010
0113010 3 10 0116 1063 3 105 00651105.

Β160 56 me representa que 105 06 fuera 000130 661131 5115
11112105, 1716000 13 0063 6011303 0116 56 03 3 06150035 01106103-
165 0313 113131 60 6353 600 105 1161103005, y sabiendo que 1606-
1005 060110 06113 seglar, que come 600 00501105 60 refectorio.
por 10 01131 (31100116 516000 1110011001 ay 50661311030 60 el para
differenciarse 60 6510 06 105 01105) 10031713 51 60 mi 111300 fuera,
no 16 3010111613 3 130 particular 60101101636100, 0010116 516010
60 61 56001· 01165110 0116 60 6510 51001613 13 1701110130 06 V. P.,
que 65 13 01651113 0116 6000260 60 61 Ρ. 1113061560, 31100116 001·
3116156 630111113οο 3051 60 1161000 0116 6513 no 56 505066113113
31161 de ser 6353 06 0101136100, 56 0355313 001 este 10600116-
016016, 00 mandando V. P. 0113 6053, 0010116 351 me 10 11606
mandacio 61 Ρ. Ρ13061560.

